# PSSM
 0.8808 0.2689 0.2689 0.9526 0.9820 0.2689 0.2689 0.1192 0.2689 0.2689 0.9820 0.9820 0.2689 0.2689 0.1192 0.2689 0.2689 0.9820 0.9820 0.2689 0.1192 0.1192 0.2689 0.8808 0.9820 0.9820 0.2689 0.1192 0.1192 0.8808 0.8808 0.5000 0.2689 0.1192 0.2689 0.2689 0.9820 0.9820 0.2689 0.1192 0.9820 0.1192 0.5000 0.9820 0.2689 0.7311 0.1192 0.5000 0.2689 0.1192 0.9820 0.2689 0.2689 0.1192 0.8808 0.7311 0.2689 0.9820 0.9820 0.7311 0.7311 0.1192 0.9526 0.7311 0.2689 0.1192 0.9526 0.8808 0.2689 0.2689 0.1192
 0.2689 0.7311 0.8808 0.2689 0.1192 0.5000 0.2689 0.2689 0.9526 0.7311 0.1192 0.1192 0.2689 0.2689 0.2689 0.8808 0.7311 0.1192 0.1192 0.9526 0.5000 0.2689 0.9526 0.5000 0.1192 0.1192 0.7311 0.2689 0.2689 0.2689 0.5000 0.0474 0.5000 0.2689 0.5000 0.8808 0.1192 0.1192 0.2689 0.2689 0.1192 0.5000 0.1192 0.1192 0.5000 0.1192 0.2689 0.2689 0.2689 0.5000 0.1192 0.5000 0.8808 0.2689 0.2689 0.5000 0.5000 0.1192 0.1192 0.7311 0.7311 0.2689 0.2689 0.5000 0.5000 0.2689 0.1192 0.5000 0.8808 0.1192 0.5000
 0.5000 0.5000 0.2689 0.5000 0.1192 0.5000 0.5000 0.5000 0.5000 0.2689 0.1192 0.1192 0.5000 0.5000 0.5000 0.5000 0.2689 0.1192 0.1192 0.5000 0.9526 0.5000 0.5000 0.2689 0.1192 0.1192 0.5000 0.5000 0.5000 0.2689 0.2689 0.2689 0.8808 0.5000 0.5000 0.5000 0.1192 0.1192 0.5000 0.5000 0.2689 0.5000 0.2689 0.1192 0.5000 0.2689 0.5000 0.5000 0.2689 0.5000 0.1192 0.8808 0.2689 0.5000 0.2689 0.8808 0.5000 0.1192 0.2689 0.2689 0.5000 0.7311 0.2689 0.5000 0.5000 0.5000 0.2689 0.2689 0.5000 0.1192 0.7311
 0.2689 0.2689 0.2689 0.2689 0.1192 0.7311 0.2689 0.2689 0.2689 0.2689 0.1192 0.1192 0.9526 0.2689 0.1192 0.5000 0.2689 0.1192 0.1192 0.5000 0.2689 0.2689 0.5000 0.5000 0.1192 0.1192 0.7311 0.2689 0.1192 0.7311 0.2689 0.1192 0.9526 0.2689 0.7311 0.2689 0.1192 0.1192 0.2689 0.2689 0.1192 0.8808 0.1192 0.1192 0.1192 0.1192 0.1192 0.2689 0.2689 0.2689 0.1192 0.5000 0.5000 0.2689 0.1192 0.7311 0.8808 0.1192 0.1192 0.2689 0.2689 0.8808 0.1192 0.7311 0.7311 0.2689 0.2689 0.2689 0.2689 0.2689 0.2689
 0.2689 0.0474 0.0474 0.2689 0.2689 0.0180 0.0474 0.0474 0.0474 0.0474 0.2689 0.2689 0.0180 0.0474 0.0474 0.0474 0.0474 0.2689 0.2689 0.0180 0.0474 0.0474 0.0180 0.1192 0.2689 0.2689 0.0180 0.0474 0.0474 0.1192 0.1192 0.0474 0.0180 0.0474 0.0180 0.0474 0.2689 0.2689 0.0474 0.0474 0.2689 0.0474 0.2689 0.2689 0.0474 0.1192 0.0474 0.1192 0.1192 0.0474 0.2689 0.1192 0.0474 0.0474 0.2689 0.0474 0.0180 0.2689 0.2689 0.1192 0.0474 0.0474 0.2689 0.0474 0.0180 0.0474 0.2689 0.1192 0.0474 0.0474 0.0474
 0.2689 0.7311 0.7311 0.2689 0.2689 0.8808 0.5000 0.5000 0.9526 0.8808 0.2689 0.2689 0.7311 0.5000 0.5000 0.7311 0.9820 0.2689 0.2689 0.7311 0.5000 0.5000 0.7311 0.8808 0.2689 0.2689 0.8808 0.5000 0.5000 0.7311 0.5000 0.1192 0.9526 0.5000 0.9526 0.8808 0.2689 0.2689 0.5000 0.5000 0.2689 0.5000 0.2689 0.2689 0.5000 0.1192 0.5000 0.8808 0.5000 0.8808 0.2689 0.9526 0.7311 0.5000 0.2689 0.9526 0.9820 0.2689 0.2689 0.5000 0.5000 0.5000 0.2689 0.7311 0.9526 0.5000 0.2689 0.5000 0.7311 0.2689 0.5000
 0.2689 0.5000 0.5000 0.2689 0.2689 0.9933 0.5000 0.5000 0.7311 0.5000 0.2689 0.2689 0.9933 0.5000 0.2689 0.9820 0.7311 0.2689 0.2689 0.9526 0.5000 0.5000 0.9526 0.9526 0.2689 0.2689 0.9820 0.5000 0.2689 0.9820 0.5000 0.1192 0.9820 0.5000 0.9933 0.7311 0.2689 0.2689 0.5000 0.5000 0.2689 0.5000 0.1192 0.2689 0.2689 0.1192 0.2689 0.5000 0.2689 0.5000 0.2689 0.9526 0.9526 0.5000 0.2689 0.9820 0.9526 0.2689 0.2689 0.5000 0.5000 0.5000 0.2689 0.9820 0.9820 0.5000 0.2689 0.5000 0.7311 0.2689 0.5000
 0.9526 0.1192 0.1192 0.8808 0.5000 0.1192 0.1192 0.1192 0.1192 0.1192 0.5000 0.5000 0.1192 0.1192 0.0474 0.1192 0.1192 0.5000 0.8808 0.1192 0.1192 0.1192 0.7311 0.2689 0.5000 0.5000 0.1192 0.1192 0.0474 0.2689 0.8808 0.9975 0.1192 0.1192 0.1192 0.1192 0.5000 0.5000 0.1192 0.1192 0.8808 0.1192 0.1192 0.5000 0.1192 0.9975 0.0474 0.8808 0.1192 0.1192 0.5000 0.1192 0.0474 0.1192 0.2689 0.2689 0.1192 0.5000 0.8808 0.1192 0.1192 0.1192 0.2689 0.1192 0.1192 0.1192 0.9820 0.2689 0.1192 0.1192 0.1192
 0.2689 0.9975 0.2689 0.2689 0.1192 0.5000 0.9997 0.9997 0.9526 0.2689 0.1192 0.1192 0.5000 0.9997 0.9997 0.2689 0.5000 0.1192 0.1192 0.2689 0.9997 0.9997 0.9526 0.2689 0.1192 0.1192 0.2689 0.9997 0.9991 0.2689 0.2689 0.1192 0.5000 0.9997 0.5000 0.2689 0.1192 0.1192 0.9997 0.9997 0.1192 0.9975 0.1192 0.1192 0.9933 0.1192 0.9997 0.9933 0.9526 0.9997 0.1192 0.5000 0.7311 0.9997 0.9526 0.5000 0.9526 0.1192 0.1192 0.2689 0.9975 0.9997 0.1192 0.9820 0.9933 0.9997 0.1192 0.1192 0.2689 0.1192 0.9991
 0.0474 0.0474 0.0474 0.1192 0.7311 0.0180 0.0474 0.0180 0.0474 0.7311 0.1192 0.1192 0.0180 0.0474 0.1192 0.0474 0.1192 0.1192 0.1192 0.0474 0.0180 0.0180 0.0474 0.1192 0.1192 0.1192 0.0474 0.0180 0.1192 0.0474 0.1192 0.0180 0.0474 0.0180 0.0474 0.1192 0.1192 0.1192 0.0474 0.0180 0.1192 0.0474 0.7311 0.1192 0.1192 0.0180 0.1192 0.0474 0.7311 0.0180 0.1192 0.1192 0.0474 0.0180 0.2689 0.0474 0.0474 0.1192 0.1192 0.2689 0.0474 0.0180 0.2689 0.0474 0.0474 0.0180 0.1192 0.1192 0.0474 0.0474 0.0474
 0.0474 0.0474 0.0474 0.1192 0.2689 0.0474 0.0474 0.0474 0.1192 0.2689 0.1192 0.1192 0.0474 0.0474 0.5000 0.0474 0.5000 0.1192 0.1192 0.0474 0.0474 0.0474 0.0474 0.1192 0.1192 0.1192 0.0474 0.0474 0.5000 0.0474 0.1192 0.0180 0.0474 0.0474 0.0474 0.1192 0.1192 0.1192 0.0474 0.0474 0.1192 0.0474 0.5000 0.1192 0.1192 0.0474 0.5000 0.0474 0.7311 0.0474 0.1192 0.1192 0.1192 0.0474 0.5000 0.0474 0.0474 0.1192 0.1192 0.5000 0.0474 0.0474 0.2689 0.0474 0.0474 0.0474 0.0474 0.1192 0.0474 0.0474 0.0474
 0.2689 0.9526 0.9820 0.2689 0.2689 0.7311 0.2689 0.2689 0.9526 0.9820 0.2689 0.2689 0.5000 0.2689 0.2689 0.8808 0.9526 0.2689 0.2689 0.9820 0.2689 0.2689 0.7311 0.8808 0.2689 0.2689 0.9820 0.2689 0.2689 0.5000 0.8808 0.1192 0.5000 0.2689 0.7311 0.9820 0.2689 0.2689 0.2689 0.2689 0.2689 0.7311 0.2689 0.2689 0.7311 0.1192 0.2689 0.5000 0.7311 0.5000 0.2689 0.5000 0.5000 0.2689 0.2689 0.5000 0.7311 0.2689 0.2689 0.9820 0.8808 0.2689 0.2689 0.5000 0.5000 0.2689 0.2689 0.8808 0.9933 0.2689 0.2689
 0.1192 0.1192 0.1192 0.1192 0.5000 0.1192 0.1192 0.1192 0.2689 0.2689 0.2689 0.2689 0.1192 0.1192 0.2689 0.1192 0.5000 0.2689 0.2689 0.1192 0.1192 0.1192 0.1192 0.2689 0.2689 0.2689 0.1192 0.1192 0.2689 0.1192 0.1192 0.0474 0.1192 0.1192 0.1192 0.2689 0.2689 0.2689 0.1192 0.1192 0.2689 0.1192 0.8808 0.2689 0.2689 0.0474 0.2689 0.1192 0.5000 0.1192 0.2689 0.2689 0.1192 0.1192 0.5000 0.1192 0.1192 0.2689 0.2689 0.5000 0.1192 0.1192 0.8808 0.1192 0.1192 0.1192 0.1192 0.1192 0.2689 0.1192 0.1192
 0.0474 0.1192 0.0474 0.0474 0.1192 0.0180 0.1192 0.1192 0.0474 0.1192 0.1192 0.1192 0.0180 0.1192 0.2689 0.0474 0.1192 0.1192 0.0474 0.0474 0.1192 0.1192 0.0474 0.0474 0.1192 0.1192 0.0474 0.1192 0.5000 0.0474 0.0474 0.0474 0.0474 0.1192 0.0180 0.0474 0.1192 0.1192 0.1192 0.1192 0.0474 0.5000 0.2689 0.1192 0.7311 0.0474 0.2689 0.1192 0.2689 0.1192 0.1192 0.0474 0.5000 0.1192 0.1192 0.0474 0.0474 0.1192 0.0474 0.1192 0.1192 0.1192 0.1192 0.0474 0.0474 0.1192 0.0474 0.0474 0.0474 0.0474 0.2689
 0.2689 0.1192 0.9820 0.2689 0.2689 0.2689 0.1192 0.0474 0.1192 0.1192 0.2689 0.2689 0.2689 0.1192 0.0474 0.2689 0.1192 0.2689 0.2689 0.2689 0.1192 0.0474 0.1192 0.2689 0.2689 0.2689 0.2689 0.0474 0.0474 0.2689 0.2689 0.1192 0.1192 0.0474 0.2689 0.2689 0.2689 0.2689 0.1192 0.0474 0.2689 0.1192 0.1192 0.2689 0.1192 0.1192 0.0474 0.1192 0.1192 0.1192 0.2689 0.2689 0.1192 0.0474 0.1192 0.2689 0.1192 0.2689 0.2689 0.2689 0.1192 0.1192 0.2689 0.2689 0.1192 0.9526 0.2689 0.9933 0.2689 0.9991 0.1192
 0.9526 0.2689 0.5000 0.9526 0.7311 0.5000 0.7311 0.2689 0.5000 0.2689 0.7311 0.7311 0.5000 0.7311 0.2689 0.5000 0.2689 0.7311 0.7311 0.5000 0.2689 0.2689 0.2689 0.5000 0.7311 0.7311 0.5000 0.2689 0.2689 0.5000 0.7311 0.5000 0.5000 0.2689 0.5000 0.5000 0.7311 0.7311 0.7311 0.2689 0.8808 0.2689 0.7311 0.7311 0.7311 0.5000 0.2689 0.8808 0.7311 0.2689 0.7311 0.7311 0.2689 0.2689 0.7311 0.5000 0.5000 0.7311 0.8808 0.5000 0.5000 0.2689 0.8808 0.5000 0.5000 0.2689 0.8808 0.5000 0.5000 0.2689 0.2689
 0.5000 0.2689 0.2689 0.5000 0.5000 0.2689 0.2689 0.1192 0.7311 0.2689 0.5000 0.5000 0.2689 0.2689 0.1192 0.7311 0.2689 0.5000 0.5000 0.2689 0.1192 0.1192 0.2689 0.2689 0.5000 0.5000 0.2689 0.1192 0.1192 0.2689 0.5000 0.1192 0.2689 0.1192 0.2689 0.7311 0.5000 0.5000 0.2689 0.1192 0.5000 0.1192 0.9820 0.5000 0.2689 0.2689 0.1192 0.5000 0.7311 0.1192 0.5000 0.8808 0.2689 0.1192 0.8808 0.2689 0.2689 0.5000 0.5000 0.2689 0.2689 0.1192 0.8808 0.2689 0.2689 0.1192 0.5000 0.2689 0.2689 0.2689 0.1192
 0.0474 0.0474 0.0474 0.0474 0.0474 0.0474 0.0474 0.0474 0.0474 0.0474 0.0474 0.0474 0.0474 0.0474 0.0474 0.0474 0.1192 0.0474 0.0474 0.0474 0.0474 0.0474 0.0474 0.0474 0.0474 0.0474 0.0474 0.0474 0.2689 0.0474 0.0474 0.0474 0.0474 0.0474 0.0474 0.0474 0.0474 0.0474 0.0474 0.0474 0.0474 0.2689 0.0474 0.0474 0.5000 0.0474 0.0474 0.0474 0.0474 0.0474 0.0474 0.0474 0.5000 0.0474 0.1192 0.0474 0.0474 0.0474 0.0474 0.0474 0.0474 0.0474 0.0474 0.0474 0.0474 0.0474 0.0474 0.0474 0.0474 0.0180 0.1192
 0.1192 0.5000 0.1192 0.1192 0.1192 0.1192 0.7311 0.8808 0.2689 0.1192 0.1192 0.1192 0.1192 0.7311 0.7311 0.1192 0.1192 0.1192 0.1192 0.1192 0.7311 0.8808 0.2689 0.1192 0.1192 0.1192 0.1192 0.8808 0.9526 0.1192 0.1192 0.0474 0.1192 0.8808 0.1192 0.1192 0.1192 0.1192 0.7311 0.8808 0.1192 0.9526 0.1192 0.1192 0.9933 0.0474 0.7311 0.5000 0.2689 0.7311 0.1192 0.1192 0.9820 0.8808 0.2689 0.1192 0.2689 0.1192 0.1192 0.1192 0.5000 0.7311 0.1192 0.2689 0.5000 0.7311 0.1192 0.1192 0.1192 0.0474 0.8808
 0.1192 0.0474 0.0474 0.2689 0.7311 0.0474 0.0474 0.0180 0.1192 0.2689 0.5000 0.5000 0.0474 0.0474 0.1192 0.1192 0.1192 0.5000 0.2689 0.0474 0.0474 0.0180 0.0474 0.1192 0.5000 0.5000 0.0474 0.0180 0.1192 0.1192 0.2689 0.0474 0.0474 0.0180 0.0474 0.1192 0.5000 0.5000 0.0474 0.0180 0.2689 0.0474 0.7311 0.5000 0.1192 0.0474 0.1192 0.0474 0.5000 0.0474 0.5000 0.1192 0.1192 0.0180 0.5000 0.1192 0.0474 0.5000 0.2689 0.2689 0.1192 0.0180 0.5000 0.1192 0.0474 0.0474 0.1192 0.1192 0.1192 0.1192 0.0474
